# src: https://en.m.wikipedia.org/wiki/ANSI_escape_code
FG 	BG 	Name 	VGA[b] 	Windows XP	Console[c] 	Windows	PowerShell&
1.0–6.0[d] 	Visual Studio Code[e] 	Windows 10
Console[f] 	Terminal.app 	PuTTY 	mIRC 	xterm 	Ubuntu[g] 	Eclipse Terminal
30 	40 	Black 	0, 0, 0 	12, 12, 12 	0, 0, 0 	1, 1, 1 	0, 0, 0
31 	41 	Red 	170, 0, 0 	128, 0, 0 	205, 49, 49 	197, 15, 31 	153, 0, 0 	187, 0, 0 	127, 0, 0 	205, 0, 0 	222, 56, 43 	205, 0, 0
32 	42 	Green 	0, 170, 0 	0, 128, 0 	13, 188, 121 	19, 161, 14 	0, 166, 0 	0, 187, 0 	0, 147, 0 	0, 205, 0 	57, 181, 74 	0, 205, 0
33 	43 	Yellow 	170, 85, 0[h] 	128, 128, 0 	238, 237, 240 	229, 229, 16 	193, 156, 0 	153, 153, 0 	187, 187, 0 	252, 127, 0 	205, 205, 0 	255, 199, 6 	205, 205, 0
34 	44 	Blue 	0, 0, 170 	0, 0, 128 	36, 114, 200 	0, 55, 218 	0, 0, 178 	0, 0, 187 	0, 0, 127 	0, 0, 238[34] 	0, 111, 184 	0, 0, 238
35 	45 	Magenta 	170, 0, 170 	128, 0, 128 	1, 36, 86 	188, 63, 188 	136, 23, 152 	178, 0, 178 	187, 0, 187 	156, 0, 156 	205, 0, 205 	118, 38, 113 	205, 0, 205
36 	46 	Cyan 	0, 170, 170 	0, 128, 128 	17, 168, 205 	58, 150, 221 	0, 166, 178 	0, 187, 187 	0, 147, 147 	0, 205, 205 	44, 181, 233 	0, 205, 205
37 	47 	White 	170, 170, 170 	192, 192, 192 	229, 229, 229 	204, 204, 204 	191, 191, 191 	187, 187, 187 	210, 210, 210 	229, 229, 229 	204, 204, 204 	229, 229, 229
90 	100 	Bright Black (Gray) 	85, 85, 85 	128, 128, 128 	102, 102, 102 	118, 118, 118 	102, 102, 102 	85, 85, 85 	127, 127, 127 	127, 127, 127 	128, 128, 128 	0, 0, 0
91 	101 	Bright Red 	255, 85, 85 	255, 0, 0 	241, 76, 76 	231, 72, 86 	230, 0, 0 	255, 85, 85 	255, 0, 0
92 	102 	Bright Green 	85, 255, 85 	0, 255, 0 	35, 209, 139 	22, 198, 12 	0, 217, 0 	85, 255, 85 	0, 252, 0 	0, 255, 0
93 	103 	Bright Yellow 	255, 255, 85 	255, 255, 0 	245, 245, 67 	249, 241, 165 	230, 230, 0 	255, 255, 85 	255, 255, 0
94 	104 	Bright Blue 	85, 85, 255 	0, 0, 255 	59, 142, 234 	59, 120, 255 	0, 0, 255 	85, 85, 255 	0, 0, 252 	92, 92, 255[35] 	0, 0, 255 	92, 92, 255
95 	105 	Bright Magenta 	255, 85, 255 	255, 0, 255 	214, 112, 214 	180, 0, 158 	230, 0, 230 	255, 85, 255 	255, 0, 255
96 	106 	Bright Cyan 	85, 255, 255 	0, 255, 255 	41, 184, 219 	97, 214, 214 	0, 230, 230 	85, 255, 255 	0, 255, 255
97 	107 	Bright White 	255, 255, 255 	229, 229, 229 	242, 242, 242 	230, 230, 230 	255, 255, 255
